# track4k vid.mp4 1055 frames (frame top-left-x top-left-y) output frame size 1080 720
0 0 795
18 1 795
19 2 795
20 3 795
21 4 795
22 5 795
23 6 795
24 7 795
25 8 795
26 9 795
27 11 795
28 13 795
29 15 795
30 17 795
31 19 795
32 21 795
33 23 795
34 26 795
35 29 795
36 32 795
37 35 795
38 38 795
39 41 795
40 44 795
41 48 795
42 52 795
43 56 795
44 60 795
45 64 795
46 68 795
47 73 795
48 78 795
49 83 795
50 88 795
51 93 795
52 99 795
53 105 795
54 111 795
55 117 795
56 123 795
57 129 795
58 136 795
59 143 795
60 150 795
61 157 795
62 164 795
63 172 795
64 180 795
65 188 795
66 196 795
67 204 795
68 213 795
69 222 795
70 231 795
71 240 795
72 249 795
73 259 795
74 269 795
75 279 795
76 289 795
77 299 795
78 309 795
79 320 795
80 331 795
81 342 795
82 353 795
83 364 795
84 375 795
85 387 795
86 399 795
87 411 795
88 423 795
89 435 795
90 447 795
91 460 795
92 473 795
93 486 795
94 499 795
95 512 795
96 525 795
97 538 795
98 552 795
99 566 795
100 580 795
101 594 795
102 608 795
103 622 795
104 636 795
105 650 795
106 664 795
107 678 795
108 693 795
109 708 795
110 723 795
111 738 795
112 753 795
113 768 795
114 783 795
115 798 795
116 813 795
117 828 795
118 843 795
119 858 795
120 873 795
121 888 795
122 903 795
123 918 795
124 933 795
125 948 795
126 963 795
127 978 795
128 993 795
129 1008 795
130 1023 795
131 1038 795
132 1053 795
133 1068 795
134 1083 795
135 1098 795
136 1113 795
137 1128 795
138 1143 795
139 1158 795
140 1173 795
141 1188 795
142 1203 795
143 1218 795
144 1233 795
145 1248 795
146 1263 795
147 1278 795
148 1293 795
149 1308 795
150 1322 795
151 1336 795
152 1350 795
153 1364 795
154 1378 795
155 1392 795
156 1406 795
157 1420 795
158 1434 795
159 1447 795
160 1460 795
161 1473 795
162 1486 795
163 1499 795
164 1512 795
165 1525 795
166 1537 795
167 1549 795
168 1561 795
169 1573 795
170 1585 795
171 1597 795
172 1609 795
173 1620 795
174 1631 795
175 1642 795
176 1653 795
177 1664 795
178 1675 795
179 1685 795
180 1695 795
181 1705 795
182 1715 795
183 1725 795
184 1734 795
185 1743 795
186 1752 795
187 1761 795
188 1770 795
189 1779 795
190 1787 795
191 1795 795
192 1803 795
193 1811 795
194 1819 795
195 1826 795
196 1833 795
197 1840 795
198 1847 795
199 1854 795
200 1860 795
201 1866 795
202 1872 795
203 1878 795
204 1884 795
205 1889 795
206 1894 795
207 1899 795
208 1904 795
209 1909 795
210 1914 795
211 1918 795
212 1922 795
213 1926 795
214 1930 795
215 1934 795
216 1938 795
217 1941 795
218 1944 795
219 1947 795
220 1950 795
221 1953 795
222 1956 795
223 1958 795
224 1960 795
225 1962 795
226 1964 795
227 1966 795
228 1968 795
229 1970 795
230 1971 795
231 1972 795
232 1973 795
233 1974 795
234 1975 795
235 1976 795
236 1977 795
237 1978 795
238 1979 795
239 1980 795
312 1979 795
313 1978 795
314 1977 795
315 1976 795
316 1975 795
317 1974 795
318 1973 795
319 1972 795
320 1971 795
321 1970 795
322 1968 795
323 1966 795
324 1964 795
325 1962 795
326 1960 795
327 1957 795
328 1954 795
329 1951 795
330 1948 795
331 1945 795
332 1941 795
333 1937 795
334 1933 795
335 1928 795
336 1923 795
337 1918 795
338 1913 795
339 1907 795
340 1901 795
341 1895 795
342 1889 795
343 1882 795
344 1875 795
345 1868 795
346 1860 795
347 1852 795
348 1844 795
349 1836 795
350 1827 795
351 1818 795
352 1809 795
353 1800 795
354 1791 795
355 1781 795
356 1771 795
357 1761 795
358 1751 795
359 1741 795
360 1731 795
361 1721 795
362 1711 795
363 1701 795
364 1691 795
365 1681 795
366 1671 795
367 1661 795
368 1651 795
369 1641 795
370 1631 795
371 1621 795
372 1611 795
373 1601 795
374 1591 795
375 1581 795
376 1571 795
377 1561 795
378 1552 795
379 1543 795
380 1534 795
381 1525 795
382 1516 795
383 1508 795
384 1500 795
385 1492 795
386 1484 795
387 1476 795
388 1469 795
389 1462 795
390 1455 795
391 1449 795
392 1443 795
393 1437 795
394 1431 795
395 1426 795
396 1421 795
397 1416 795
398 1411 795
399 1407 795
400 1403 795
401 1399 795
402 1396 795
403 1393 795
404 1390 795
405 1387 795
406 1385 795
407 1383 795
408 1381 795
409 1379 795
410 1377 795
411 1376 795
412 1375 795
413 1374 795
414 1373 795
415 1372 795
416 1371 795
417 1370 795
418 1369 795
419 1368 795
420 1367 795
421 1366 795
422 1365 795
423 1364 795
522 1365 795
523 1366 795
524 1367 795
525 1368 795
526 1369 795
527 1370 795
528 1371 795
529 1372 795
530 1373 795
531 1374 795
532 1375 795
533 1376 795
534 1377 795
535 1378 795
536 1379 795
537 1380 795
538 1381 795
539 1382 795
540 1383 795
541 1384 795
542 1385 795
543 1386 795
544 1387 795
545 1388 795
546 1389 795
547 1390 795
548 1391 795
549 1392 795
550 1393 795
551 1394 795
552 1395 795
553 1397 795
554 1399 795
555 1401 795
556 1403 795
557 1405 795
558 1407 795
559 1409 795
560 1411 795
561 1413 795
562 1415 795
563 1417 795
564 1419 795
565 1421 795
566 1423 795
567 1425 795
568 1427 795
569 1429 795
570 1431 795
571 1433 795
572 1435 795
573 1437 795
574 1439 795
575 1441 795
576 1443 795
577 1445 795
578 1447 795
579 1449 795
580 1451 795
581 1453 795
582 1455 795
583 1457 795
584 1459 795
585 1462 795
586 1465 795
587 1468 795
588 1471 795
589 1474 795
590 1477 795
591 1480 795
592 1483 795
593 1486 795
594 1489 795
595 1492 795
596 1495 795
597 1498 795
598 1501 795
599 1504 795
600 1507 795
601 1510 795
602 1513 795
603 1516 795
604 1519 795
605 1522 795
606 1525 795
607 1528 795
608 1531 795
609 1534 795
610 1537 795
611 1540 795
612 1543 795
613 1546 795
614 1549 795
615 1552 795
616 1555 795
617 1558 795
618 1561 795
619 1564 795
620 1567 795
621 1570 795
622 1573 795
623 1576 795
624 1579 795
625 1582 795
626 1585 795
627 1588 795
628 1591 795
629 1594 795
630 1597 795
631 1600 795
632 1603 795
633 1606 795
634 1609 795
635 1612 795
636 1615 795
637 1618 795
638 1621 795
639 1624 795
640 1627 795
641 1630 795
642 1633 795
643 1636 795
644 1639 795
645 1642 795
646 1645 795
647 1648 795
648 1651 795
649 1654 795
650 1657 795
651 1660 795
652 1663 795
653 1666 795
654 1669 795
655 1672 795
656 1675 795
657 1678 795
658 1681 795
659 1684 795
660 1687 795
661 1690 795
662 1693 795
663 1696 795
664 1699 795
665 1702 795
666 1705 795
667 1708 795
668 1711 795
669 1714 795
670 1717 795
671 1720 795
672 1723 795
673 1726 795
674 1729 795
675 1732 795
676 1735 795
677 1738 795
678 1741 795
679 1744 795
680 1747 795
681 1750 795
682 1753 795
683 1756 795
684 1759 795
685 1762 795
686 1765 795
687 1768 795
688 1771 795
689 1774 795
690 1777 795
691 1780 795
692 1783 795
693 1786 795
694 1789 795
695 1792 795
696 1795 795
697 1798 795
698 1801 795
699 1804 795
700 1807 795
701 1810 795
702 1813 795
703 1816 795
704 1819 795
705 1822 795
706 1825 795
707 1828 795
708 1831 795
709 1834 795
710 1836 795
711 1838 795
712 1840 795
713 1842 795
714 1844 795
715 1846 795
716 1848 795
717 1850 795
718 1852 795
719 1854 795
720 1856 795
721 1858 795
722 1860 795
723 1862 795
724 1864 795
725 1866 795
726 1868 795
727 1870 795
728 1872 795
729 1874 795
730 1876 795
731 1878 795
732 1880 795
733 1882 795
734 1884 795
735 1886 795
736 1888 795
737 1890 795
738 1892 795
739 1894 795
740 1896 795
741 1897 795
742 1898 795
743 1899 795
744 1900 795
745 1901 795
746 1902 795
747 1903 795
748 1904 795
749 1905 795
750 1906 795
751 1907 795
752 1908 795
753 1909 795
754 1910 795
755 1911 795
756 1912 795
757 1913 795
758 1914 795
759 1915 795
760 1916 795
761 1917 795
762 1918 795
763 1919 795
764 1920 795
765 1921 795
766 1922 795
767 1923 795
768 1924 795
769 1925 795
770 1926 795
771 1927 795
772 1928 795
853 1929 795
854 1930 795
855 1931 795
856 1932 795
857 1933 795
858 1934 795
859 1935 795
860 1937 795
861 1939 795
862 1941 795
863 1943 795
864 1945 795
865 1948 795
866 1951 795
867 1954 795
868 1957 795
869 1960 795
870 1964 795
871 1968 795
872 1972 795
873 1976 795
874 1981 795
875 1986 795
876 1991 795
877 1996 795
878 2002 795
879 2008 795
880 2014 795
881 2020 795
882 2026 795
883 2033 795
884 2040 795
885 2047 795
886 2054 795
887 2062 795
888 2070 795
889 2078 795
890 2086 795
891 2094 795
892 2103 795
893 2112 795
894 2121 795
895 2130 795
896 2139 795
897 2149 795
898 2159 795
899 2169 795
900 2179 795
901 2189 795
902 2199 795
903 2210 795
904 2221 795
905 2232 795
906 2243 795
907 2254 795
908 2265 795
909 2276 795
910 2287 795
911 2298 795
912 2309 795
913 2320 795
914 2331 795
915 2342 795
916 2353 795
917 2364 795
918 2375 795
919 2386 795
920 2397 795
921 2408 795
922 2419 795
923 2430 795
924 2441 795
925 2452 795
926 2463 795
927 2474 795
928 2485 795
929 2496 795
930 2507 795
931 2518 795
932 2529 795
933 2539 795
934 2549 795
935 2559 795
936 2569 795
937 2579 795
938 2589 795
939 2599 795
940 2608 795
941 2617 795
942 2626 795
943 2635 795
944 2644 795
945 2652 795
946 2660 795
947 2668 795
948 2676 795
949 2684 795
950 2691 795
951 2698 795
952 2705 795
953 2712 795
954 2718 795
955 2724 795
956 2730 795
957 2736 795
958 2741 795
959 2746 795
960 2751 795
961 2756 795
1054 2756 795
